((("require" .
   [1 0 0 0 0 0 0])
  ("Create" .
   [1 0 0 0 0 0])
  ("Sample" .
   [1 0 0 0 0 0])
  ("s" .
   [1])
  ("new" .
   [1 0 0])
  (":result" .
   [1 0 0 0 0 0 0])
  ("json:" .
   [1 0 0 0 0])
  ("render" .
   [1 0 0 0 0 0])
  (":id" .
   [1 0 0])
  ("params" .
   [1 0 0 0 0 0])
  ("image" .
   [1 0 0 0 0])
  ("id" .
   [1 0])
  ("flatten" .
   [0 0 0 0 0 0 1])
  ("rhash" .
   [0 0 0 1 0])
  ("map" .
   [2 0 0])
  ("size" .
   [2 0 0 0])
  ("ret_map" .
   [2 0 0 0 0 0 0])
  ("merge" .
   [2 0 2 0 0])
  (":change" .
   [7 0 0 1 3 0 0])
  ("charge_cash" .
   [0 0 1 4 0 0 0 0 0 0 0])
  ("change" .
   [15 0 0 1 6 1])
  ("hash" .
   [9 0 1 0])
  ("ret_hash" .
   [0 0 2 7 1 0 0 0])
  ("str" .
   [1 0 0])
  ("ret" .
   [2 0 0])
  ("AddColumnData" .
   [1 0 0 0 0 0 0 0 0 0 0 0 0])
  ("belongs_to" .
   [0 0 0 1 1 0 0 0 0 0])
  (":add_datafile" .
   [0 0 0 0 1 0 0 0 0 0 0 0 0])
  (":otg_column" .
   [0 0 0 1 0 0 0 0 0 0 0])
  ("utf" .
   [0 0 2])
  ("e" .
   [1])
  ("gem" .
   [1 0 0])
  ("post" .
   [3 0 0 0])
  ("namespace" .
   [0 0 0 0 2 0 0 0 0])
  ("makeRoute" .
   [1 0 0 0 3 0 0 0 0])
  ("code" .
   [5 0 0 0])
  ("SIMPLE" .
   [0 0 0 2 0 0])
  ("makeAbouRoute" .
   [0 0 0 0 1 1 1 0 0 0 0 0 0])
  ("ARRAIVAL" .
   [0 0 1 1 0 0 0 0])
  ("FINAL" .
   [0 0 2 1 0])
  ("FIRDT" .
   [0 0 0 1 0])
  ("FIRST" .
   [1 0 0 0 0])))
